name: textquest
channels:
  - conda-forge
  - defaults
dependencies:
  - annotated-types=0.6.0=pyhd8ed1ab_0
  - blinker=1.8.2=pyhd8ed1ab_0
  - brotli-python=1.1.0=py311h12c1d0e_1
  - bzip2=1.0.8=hcfcfb64_5
  - ca-certificates=2024.2.2=h56e8100_0
  - catalogue=2.0.10=py311h1ea47a8_0
  - certifi=2024.2.2=pyhd8ed1ab_0
  - charset-normalizer=3.3.2=pyhd8ed1ab_0
  - click=8.1.7=win_pyh7428d3b_0
  - cloudpathlib=0.16.0=pyhd8ed1ab_0
  - colorama=0.4.6=pyhd8ed1ab_0
  - confection=0.1.4=py311h3810d55_0
  - cymem=2.0.8=py311h12c1d0e_1
  - cython-blis=0.7.10=py311h59ca53f_2
  - flask=3.0.3=pyhd8ed1ab_0
  - idna=3.7=pyhd8ed1ab_0
  - importlib-metadata=7.1.0=pyha770c72_0
  - intel-openmp=2024.1.0=h57928b3_965
  - itsdangerous=2.2.0=pyhd8ed1ab_0
  - jinja2=3.1.4=pyhd8ed1ab_0
  - langcodes=3.4.0=pyhd8ed1ab_0
  - language-data=1.2.0=pyhd8ed1ab_0
  - libblas=3.9.0=22_win64_mkl
  - libcblas=3.9.0=22_win64_mkl
  - libexpat=2.6.2=h63175ca_0
  - libffi=3.4.2=h8ffe710_5
  - libhwloc=2.10.0=default_h2fffb23_1000
  - libiconv=1.17=hcfcfb64_2
  - liblapack=3.9.0=22_win64_mkl
  - libsqlite=3.45.3=hcfcfb64_0
  - libxml2=2.12.6=hc3477c8_2
  - libzlib=1.2.13=hcfcfb64_5
  - marisa-trie=1.1.0=py311h12c1d0e_1
  - markdown-it-py=3.0.0=pyhd8ed1ab_0
  - markupsafe=2.1.5=py311ha68e1ae_0
  - mdurl=0.1.2=pyhd8ed1ab_0
  - mkl=2024.1.0=h66d3029_692
  - murmurhash=1.0.10=py311h12c1d0e_1
  - numpy=1.26.4=py311h0b4df5a_0
  - openssl=3.3.0=hcfcfb64_0
  - packaging=24.0=pyhd8ed1ab_0
  - pathy=0.10.3=py311haa95532_0
  - pip=24.0=pyhd8ed1ab_0
  - preshed=3.0.9=py311h12c1d0e_1
  - pthreads-win32=2.9.1=hfa6e2cd_3
  - pydantic=2.7.1=pyhd8ed1ab_0
  - pydantic-core=2.18.2=py311h533ab2d_0
  - pygments=2.18.0=pyhd8ed1ab_0
  - pysocks=1.7.1=pyh0701188_6
  - python=3.11.9=h631f459_0_cpython
  - python_abi=3.11=4_cp311
  - requests=2.31.0=pyhd8ed1ab_0
  - rich=13.7.1=pyhd8ed1ab_0
  - setuptools=69.5.1=pyhd8ed1ab_0
  - shellingham=1.5.4=pyhd8ed1ab_0
  - smart_open=6.4.0=pyhd8ed1ab_0
  - spacy=3.7.3=py311h12feb9d_0
  - spacy-legacy=3.0.12=pyhd8ed1ab_0
  - spacy-loggers=1.0.5=pyhd8ed1ab_0
  - srsly=2.4.8=py311h12c1d0e_1
  - tbb=2021.12.0=h91493d7_0
  - thinc=8.2.2=py311h12feb9d_0
  - tk=8.6.13=h5226925_1
  - tqdm=4.66.4=pyhd8ed1ab_0
  - typer=0.9.4=pyhd8ed1ab_0
  - typing-extensions=4.11.0=hd8ed1ab_0
  - typing_extensions=4.11.0=pyha770c72_0
  - tzdata=2024a=h0c530f3_0
  - ucrt=10.0.22621.0=h57928b3_0
  - urllib3=2.2.1=pyhd8ed1ab_0
  - vc=14.3=hcf57466_18
  - vc14_runtime=14.38.33130=h82b7239_18
  - vs2015_runtime=14.38.33130=hcb4865c_18
  - wasabi=1.1.2=py311h1ea47a8_0
  - weasel=0.3.4=pyhd8ed1ab_0
  - werkzeug=3.0.3=pyhd8ed1ab_0
  - wheel=0.43.0=pyhd8ed1ab_1
  - win_inet_pton=1.1.0=pyhd8ed1ab_6
  - xz=5.2.6=h8d14728_0
  - zipp=3.17.0=pyhd8ed1ab_0
